.Random.seed <-
c(403L, 10L, 29663371L, -1548092823L, -572832200L, 1458175718L, 
1038277249L, -1544649197L, -668954174L, 609376884L, -2102559625L, 
-43973267L, 824482308L, -1548207830L, 1704595093L, -1279662801L, 
-2050088906L, 2036372576L, -1440408925L, 1782296001L, -1347761744L, 
866523342L, 2105534009L, 941045835L, -1055348230L, -652909316L, 
-1968813761L, 1375831573L, 329192748L, -107293182L, 966913245L, 
-1340074025L, -1312595266L, 143652088L, 2048101083L, 1258131769L, 
563827848L, -1816652746L, -172756879L, -1854446941L, 206764018L, 
-1653990588L, -412896249L, -2070588963L, -1001451820L, 572666362L, 
-1062412987L, 842967455L, -1347495130L, 1162380208L, -703360941L, 
-520828047L, -257459552L, 1494519358L, -275061431L, 2029755387L, 
466345930L, -1334857428L, 516828463L, -1869523995L, -1137849700L, 
-871149838L, -378618003L, -1979705177L, -1839400242L, 1940547624L, 
1531900971L, -615713207L, -672530600L, -1507575290L, 670032865L, 
-1638629005L, -555437598L, 1133643092L, 330546263L, -1207418803L, 
-746798108L, -951705142L, 1959159861L, 703833743L, -1130145898L, 
2113518400L, 1149924867L, -144569311L, 780148496L, -1996344082L, 
-913384295L, 799750443L, -1610387430L, -1173984548L, 775912159L, 
1239450805L, -486084020L, 1477000866L, -1026324995L, 741240567L, 
-1657829346L, -1848481064L, -460808645L, -2086171687L, 1428363624L, 
-1840893802L, -164950511L, -1681381437L, -285910062L, -442128796L, 
24278439L, 2057579261L, -2088718604L, -1452553766L, -1736307419L, 
-1595614145L, 1466600390L, 1378281552L, -1406434189L, 1293478033L, 
-1127171904L, -1195789666L, 828665449L, 1911504539L, 455267242L, 
1362212812L, -142341489L, 2000724677L, -528643460L, -409794862L, 
-308792755L, -1577623801L, -437058834L, -1645905976L, -419333941L, 
545900841L, -106581640L, -1205127514L, -638467903L, -833222317L, 
404059650L, 1379356468L, -157049673L, -365777747L, 52615620L, 
-1890158102L, -1622440363L, -8071185L, 89745398L, 793026848L, 
-100970781L, -1884424319L, 2116530672L, -1857343346L, 396539897L, 
1112558987L, 711670202L, 288684220L, -1558864897L, -1154578091L, 
-251178388L, 78870210L, 1666547997L, -1927579753L, -894012674L, 
-1298642760L, 812208795L, 1959354617L, 1020527176L, 649399670L, 
-1757004623L, 1788326115L, 355012530L, 101060612L, -14957753L, 
1748572701L, 1611100308L, -372424646L, -1125227899L, 1871127391L, 
957488102L, -1394698640L, 1129650579L, 1765924401L, -619195168L, 
1916978558L, -422258679L, 147576891L, -35838454L, -1927424532L, 
1866095215L, 828003749L, 1444349276L, 2143590706L, 248883245L, 
-890706201L, -1441330162L, 2035946984L, -2131173397L, 1582211209L, 
-496520168L, 1948189510L, -837025375L, 2038157363L, 1112284578L, 
488269972L, 883760919L, 760928525L, 1141157924L, 1400459274L, 
-385239691L, -1231473457L, -495831082L, 948041600L, -1929040957L, 
-1259831967L, -898882608L, 1526485806L, 680242905L, 213163243L, 
1297931610L, 325693212L, -422180321L, -1512580491L, 726374156L, 
-1920693534L, 1099001789L, -823584713L, 1158451934L, -302739944L, 
-1336700549L, -332060391L, 718271912L, -1640613024L, -704431646L, 
1121211304L, 171578572L, -1507143684L, -1044453966L, 841471472L, 
209120196L, 800978264L, -785835654L, -1821473872L, -1545627204L, 
-903116716L, -2087221310L, 1340002336L, 2132740284L, 2133746256L, 
1919263714L, 781082728L, 1111159884L, -1151686404L, 1942055922L, 
1753901312L, -359247500L, 218053640L, 1399934906L, -1582710320L, 
-910840852L, -1644973676L, -581471790L, 1979982176L, 642899788L, 
-657581792L, 359133058L, -1653465368L, -1714876180L, 841135164L, 
-701387918L, -1600487824L, -1705036764L, 1446366008L, -1328673638L, 
862646992L, 908787900L, 1837592212L, 939591298L, 380033216L, 
1504342844L, 392600720L, -1683136990L, 17498120L, 765541644L, 
341728412L, 974708242L, -1565016192L, -1932022252L, -1611118040L, 
-1548745414L, 1558157776L, -1021741972L, 2058287412L, -940005742L, 
458902368L, 1628504908L, -307537952L, -1498929246L, 1311852456L, 
-1726722676L, -1181947716L, -1155937934L, 1416082672L, 2004582468L, 
-177581736L, -499878342L, 218553200L, -152160196L, -1960141036L, 
763868610L, 747682528L, 2014095228L, -1905234224L, -997738334L, 
-635986904L, -1694178036L, 176613308L, 1244490034L, 397650368L, 
-1979676108L, -1730008120L, 1164310714L, 1884182928L, 162623980L, 
3621460L, 969752722L, 2055962400L, -424678964L, 800970208L, -1077791038L, 
-922328024L, -721915220L, 2127709372L, -114820622L, 829653296L, 
-2146954076L, -1466882376L, 1905429850L, 845587856L, -887385220L, 
1655945492L, -30190782L, -1173980416L, 428144572L, 427671376L, 
1842774818L, 1236229448L, -125437428L, -521447332L, 212094162L, 
-559195648L, 1307233620L, 1428052456L, 2057935866L, 1302278352L, 
-336151252L, 546435828L, -1447695982L, 1270707296L, -1074461428L, 
1909068512L, 207653218L, 804932264L, -85110196L, 806470012L, 
-1561557710L, -671510416L, 1373304644L, 528567768L, -257680262L, 
-1202196944L, -1965323588L, 488509268L, -520948670L, -918123104L, 
43080380L, 760125904L, -915255966L, -1079627800L, -582408244L, 
-1632174340L, 468640242L, -1953970048L, 1502942452L, 887944840L, 
-1498020038L, 1759204176L, 764278380L, -836841324L, -1556602542L, 
1204272864L, -1074236724L, -1172615008L, 871512962L, -864800024L, 
1279382252L, 994405436L, 1605296754L, -695679888L, 907249188L, 
370910264L, 697387034L, -923481392L, -102652868L, 2053780628L, 
1037888642L, -1930819648L, -1901971140L, -1202285936L, 967080994L, 
288334856L, 1783036044L, 1335921692L, 413148818L, 1170674816L, 
-1545871340L, -1923341016L, 1988439610L, -1379687216L, 397018220L, 
-869084492L, -1669732334L, 234870752L, 318951372L, 1605299680L, 
2003217954L, 923953448L, 954904844L, 1510159932L, 1300488434L, 
-289572112L, 495657796L, -861476264L, 1928155706L, -565229840L, 
503348412L, 1845825044L, -1089625918L, 821473376L, 755223932L, 
88710352L, -1153147870L, 950966952L, 1175646092L, -153069124L, 
1886123058L, -1807313088L, 1407056052L, 794493768L, -622994758L, 
-811659504L, -1381590804L, -1865878444L, -1736521966L, -1324108896L, 
-1307385908L, 640707424L, -95522622L, -1376430552L, -1841109094L, 
181153551L, 1750562137L, -909914130L, -1478093188L, 690224877L, 
1211599255L, -1521720736L, 824391742L, 719257867L, -1908214899L, 
877842618L, -486992136L, 1543306401L, 908191827L, -106515596L, 
1447293186L, -1142869609L, 774540129L, -734335066L, -561841756L, 
-1317322667L, 871265535L, 1361975704L, 813425334L, -569509053L, 
-1461057915L, 856156962L, -687402992L, 398642105L, 1325735019L, 
-1938088100L, -1143978358L, -977837441L, -954979383L, 1231919198L, 
1142328076L, 17109725L, -1687897113L, 1140088848L, 1828457774L, 
830341595L, 407213757L, -832945110L, 1507767496L, -143707663L, 
973881187L, -622655644L, 1967808146L, 1729534823L, 37979441L, 
-509206922L, 801144724L, -1956570203L, -108106577L, 1172922728L, 
-532985530L, 1132257523L, 1400856149L, 1870086706L, 79769600L, 
1797248233L, 2078274395L, -1246546516L, -1925878342L, 1571150703L, 
1092361465L, 1348125070L, -1346399140L, 1130571469L, 1655271991L, 
-2079885120L, -1706276962L, 1012042859L, 447720429L, 300068442L, 
-1926663912L, -2033762687L, 1189844019L, -1780735404L, -1884805534L, 
1662666999L, -398349503L, 1699733958L, 536292100L, -753164619L, 
1969523103L, 1614841336L, -1695896618L, -754755997L, 1626637861L, 
-1844472382L, 1131711152L, -1214610727L, 945796171L, 562105020L, 
85833962L, 1405113631L, -1872560727L, 1194048318L, 1860490796L, 
865854589L, 281009863L, 142591920L, -162620978L, -37653765L, 
2126524765L, 970175114L, 51339432L, 1379861521L, -432376573L, 
-161736700L, 1080137778L, -1003245433L, 1224039633L, 155993686L, 
-1672210892L, -1086722747L, -500998257L, -232666360L, 614403366L, 
-1458801197L, 872496949L, 146298514L, 2026721888L, 1716863945L, 
1879507707L, 604794060L, 219866458L, -1832064945L, 1617798425L, 
1080168238L, 951599420L, 1889191597L, -1917189801L, -1888259936L, 
1554222590L, 790061259L, -1033552179L, 1402472954L, 1550750264L, 
1164103649L, -1711339373L, -1910527308L, 1676330946L, 1610793943L, 
